Processing 1607.bnet
Processed 1607.bnet attractors count: 3 control kernels: 2 1 2
Processing 1778.bnet
Processed 1778.bnet attractors count: 1 control kernels: 0
Processing 2035.bnet
Processed 2035.bnet attractors count: 2 control kernels: 1 1
Processing 2084.bnet
Processed 2084.bnet attractors count: 27 control kernels: 4 4 4 5 5 5 0 0 4 4 0 4 5 5 5 5 5 5 0 0 0 0 4 4 4 5 5
Processing 2135.bnet
Model 2135.bnet too big
Processing 2136.bnet
Processed 2136.bnet attractors count: 6 control kernels: 3 3 2 3 3 2
Processing 2161.bnet
Processed 2161.bnet attractors count: 28 control kernels: 5 4 5 4 5 4 5 4 5 5 5 5 5 5 5 5 5 5 5 5 5 5 5 5 5 5 5 5
Processing 2172.bnet
Processed 2172.bnet attractors count: 4 control kernels: 2 2 2 2
Processing 2202.bnet
Processed 2202.bnet attractors count: 4 control kernels: 2 2 2 2
Processing 2341.bnet
Processed 2341.bnet attractors count: 10 control kernels: 4 4 3 3 3 3 4 4 3 3
Processing 2394.bnet
Processed 2394.bnet attractors count: 58 control kernels: 7 6 8 6 7 7 6 6 7 7 6 6 7 7 6 6 7 7 6 6 5 5 6 6 5 5 6 6 5 5 6 6 5 5 6 7 6 7 6 7 6 7 6 6 5 5 6 6 5 5 6 6 5 5 6 6 5 5
Processing 2396.bnet
Processed 2396.bnet attractors count: 2 control kernels: 1 1
Processing 2404.bnet
Processed 2404.bnet attractors count: control kernels:
Processing 2423.bnet
Processed 2423.bnet attractors count: control kernels:
Processing 2663.bnet
Model 2663.bnet too big
Processing 2667.bnet
Processed 2667.bnet attractors count: 256 control kernels: 8 8 8 8 8 8 8 8 8 8 8 8 8 8 8 8 8 8 8 8 8 8 8 8 8 8 8 8 8 8 8 8 8 8 8 8 8 8 8 8 8 8 8 8 8 8 8 8 8 8 8 8 8 8 8 8 8 8 8 8 8 8 8 8 8 8 8 8 8 8 8 8 8 8 8 8 8 8 8 8 8 8 8 8 8 8 8 8 8 8 8 8 8 8 8 8 8 8 8 8 8 8 8 8 8 8 8 8 8 8 8 8 8 8 8 8 8 8 8 8 8 8 8 8 8 8 8 8 8 8 8 8 8 8 8 8 8 8 8 8 8 8 8 8 8 8 8 8 8 8 8 8 8 8 8 8 8 8 8 8 8 8 8 8 8 8 8 8 8 8 8 8 8 8 8 8 8 8 8 8 8 8 8 8 8 8 8 8 8 8 8 8 8 8 8 8 8 8 8 8 8 8 8 8 8 8 8 8 8 8 8 8 8 8 8 8 8 8 8 8 8 8 8 8 8 8 8 8 8 8 8 8 8 8 8 8 8 8 8 8 8 8 8 8 8 8 8 8 8 8 8 8 8 8 8 8
Processing 2668.bnet
Processed 2668.bnet attractors count: 4 control kernels: 2 2 2 2
Processing 2669.bnet
Processed 2669.bnet attractors count: 64 control kernels: 6 6 6 6 6 6 6 6 6 6 6 6 6 6 6 6 6 6 6 6 6 6 6 6 6 6 6 6 6 6 6 6 6 6 6 6 6 6 6 6 6 6 6 6 6 6 6 6 6 6 6 6 6 6 6 6 6 6 6 6 6 6 6 6
Processing 2681.bnet
Processed 2681.bnet attractors count: 1 control kernels: 0
Processing 2691.bnet
Processed 2691.bnet attractors count: 8 control kernels: 3 3 3 3 3 3 3 3
Processing 2697.bnet
Model 2697.bnet too big
Processing 2698.bnet
Model 2698.bnet too big
Processing 2699.bnet
Processed 2699.bnet attractors count: 253 control kernels: 16 16 15 15 15 14 13 13 12 13 13 12 13 13 12 13 13 12 14 14 9 13 13 9 9 9 11 11 9 11 11 9 11 11 9 11 11 9 13 13 9 12 12 9 9 9 11 8 10 8 8 8 10 10 9 10 10 9 10 10 9 10 10 9 8 8 8 8 8 8 8 8 16 16 15 15 15 14 13 12 13 12 12 11 13 12 13 12 12 11 13 12 13 12 12 11 13 12 13 12 12 11 9 9 9 9 14 14 9 8 13 13 9 8 9 8 9 8 11 11 10 10 9 8 11 11 10 10 9 8 11 11 10 10 9 8 11 11 10 10 9 8 7 7 7 7 8 7 8 7 8 7 8 7 13 13 9 8 12 12 9 8 9 8 9 8 11 8 7 8 10 8 7 7 8 7 8 7 10 10 9 9 9 8 10 10 9 9 9 8 10 10 9 9 9 8 10 10 9 9 9 8 8 7 8 7 8 7 8 7 8 7 8 7 8 7 8 7 7 7 7 7 7 6 6 6 6 6 7 7 7 7 7 7 7 7 6 6 6 6 6 6 6 6 6 6 5 6 5 6 5 6 5
Processing 2700.bnet
Processed 2700.bnet attractors count: 274 control kernels: 16 16 14 13 13 13 13 12 12 13 13 13 13 12 12 14 14 12 10 10 10 10 9 9 10 10 10 10 9 9 9 9 9 9 8 8 10 10 10 10 9 9 10 10 10 10 9 9 9 9 9 9 8 8 11 11 11 11 10 10 10 10 10 10 9 9 9 9 9 9 8 8 11 11 11 11 10 10 10 10 10 10 9 9 9 9 9 9 8 8 10 10 10 10 9 9 10 10 10 10 9 9 9 9 9 9 8 8 10 10 10 10 9 9 10 10 10 10 9 9 9 9 9 9 8 8 12 12 12 12 12 12 12 12 9 9 9 9 9 9 9 9 8 8 8 8 9 9 9 9 9 9 9 9 8 8 8 8 10 10 10 10 9 9 9 9 8 8 8 8 10 10 10 10 9 9 9 9 8 8 8 8 9 9 9 9 9 9 9 9 8 8 8 8 9 9 9 9 9 9 9 9 8 8 8 8 8 8 8 8 7 7 8 8 8 8 7 7 8 8 8 8 7 7 8 8 8 8 7 7 8 8 8 8 7 7 8 8 8 8 7 7 6 5 6 5 5 5 5 5 7 7 7 7 7 7 7 7 7 7 7 7 7 7 7 7 7 7 7 7 7 7 7 7
Processing 2701.bnet
Processed 2701.bnet attractors count: 702 control kernels: 16 13 16 13 12 13 13 12 15 13 15 13 12 13 13 12 16 13 16 13 12 14 11 14 11 10 13 13 12 11 11 10 15 13 15 13 12 13 11 13 11 10 13 13 12 11 11 10 13 13 13 12 13 12 13 13 13 12 13 12 13 13 13 12 13 12 13 13 13 12 13 12 13 13 13 12 13 12 11 11 11 10 11 10 13 13 13 12 13 12 11 11 11 10 11 10 13 13 13 12 13 12 11 11 11 10 11 10 13 13 13 12 13 12 11 11 11 10 11 10 13 13 12 13 13 12 13 13 12 13 13 12 13 13 12 11 11 10 13 13 12 11 11 10 13 13 12 11 11 10 13 13 12 11 11 10 13 13 13 12 13 12 13 13 13 12 13 12 13 13 13 12 13 12 13 13 13 12 13 12 13 13 13 12 13 12 11 11 11 10 11 10 13 13 13 12 13 12 11 11 11 10 11 10 13 13 13 12 13 12 11 11 11 10 11 10 13 13 13 12 13 12 11 11 11 10 11 10 15 12 15 12 11 14 11 14 11 10 12 9 12 9 8 12 12 11 11 11 10 9 9 8 14 12 14 12 11 13 11 13 11 10 11 9 11 9 8 12 12 11 11 11 10 9 9 8 12 12 12 11 12 11 11 11 11 10 11 10 9 9 9 8 9 8 12 12 12 11 12 11 11 11 11 10 11 10 9 9 9 8 9 8 12 12 12 11 12 11 11 11 11 10 11 10 9 9 9 8 9 8 12 12 12 11 12 11 11 11 11 10 11 10 9 9 9 8 9 8 12 12 11 11 11 10 9 9 8 12 12 11 11 11 10 9 9 8 12 12 11 11 11 10 9 9 8 12 12 11 11 11 10 9 9 8 12 12 12 11 12 11 11 11 11 10 11 10 9 9 9 8 9 8 12 12 12 11 12 11 11 11 11 10 11 10 9 9 9 8 9 8 12 12 12 11 12 11 11 11 11 10 11 10 9 9 9 8 9 8 12 12 12 11 12 11 11 11 11 10 11 10 9 9 9 8 9 8 14 11 14 11 10 13 10 13 10 9 12 9 12 9 6 11 11 10 10 10 9 9 9 6 13 11 13 11 10 12 10 12 10 9 11 9 11 9 6 11 11 10 10 10 9 9 9 6 11 11 11 10 11 10 10 10 10 9 10 9 9 9 9 6 9 6 11 11 11 10 11 10 10 10 10 9 10 9 9 9 9 6 9 6 11 11 11 10 11 10 10 10 10 9 10 9 9 9 9 6 9 6 11 11 11 10 11 10 10 10 10 9 10 9 9 9 9 6 9 6 11 11 10 10 10 9 9 9 6 11 11 10 10 10 9 9 9 6 11 11 10 10 10 9 9 9 6 11 11 10 10 10 9 9 9 6 11 11 11 10 11 10 10 10 10 9 10 9 9 9 9 6 9 6 11 11 11 10 11 10 10 10 10 9 10 9 9 9 9 6 9 6 11 11 11 10 11 10 10 10 10 9 10 9 9 9 9 6 9 6 11 11 11 10 11 10 10 10 10 9 10 9 9 9 9 6 9 6 8 7 7 7 7 6 6 6 5 7 7 6 7 7 6 6 6 5
Processing 2703.bnet
Model 2703.bnet too big
Processing 2901.bnet
Processed 2901.bnet attractors count: 33 control kernels: 6 5 5 5 5 5 5 5 5 6 6 6 6 6 6 6 6 5 5 5 5 5 5 5 5 5 5 5 5 5 5 5 5
Processing 3491.bnet
Processed 3491.bnet attractors count: 1024 control kernels: 10 10 10 10 10 10 10 10 10 10 10 10 10 10 10 10 10 10 10 10 10 10 10 10 10 10 10 10 10 10 10 10 10 10 10 10 10 10 10 10 10 10 10 10 10 10 10 10 10 10 10 10 10 10 10 10 10 10 10 10 10 10 10 10 10 10 10 10 10 10 10 10 10 10 10 10 10 10 10 10 10 10 10 10 10 10 10 10 10 10 10 10 10 10 10 10 10 10 10 10 10 10 10 10 10 10 10 10 10 10 10 10 10 10 10 10 10 10 10 10 10 10 10 10 10 10 10 10 10 10 10 10 10 10 10 10 10 10 10 10 10 10 10 10 10 10 10 10 10 10 10 10 10 10 10 10 10 10 10 10 10 10 10 10 10 10 10 10 10 10 10 10 10 10 10 10 10 10 10 10 10 10 10 10 10 10 10 10 10 10 10 10 10 10 10 10 10 10 10 10 10 10 10 10 10 10 10 10 10 10 10 10 10 10 10 10 10 10 10 10 10 10 10 10 10 10 10 10 10 10 10 10 10 10 10 10 10 10 10 10 10 10 10 10 10 10 10 10 10 10 10 10 10 10 10 10 10 10 10 10 10 10 10 10 10 10 10 10 10 10 10 10 10 10 10 10 10 10 10 10 10 10 10 10 10 10 10 10 10 10 10 10 10 10 10 10 10 10 10 10 10 10 10 10 10 10 10 10 10 10 10 10 10 10 10 10 10 10 10 10 10 10 10 10 10 10 10 10 10 10 10 10 10 10 10 10 10 10 10 10 10 10 10 10 10 10 10 10 10 10 10 10 10 10 10 10 10 10 10 10 10 10 10 10 10 10 10 10 10 10 10 10 10 10 10 10 10 10 10 10 10 10 10 10 10 10 10 10 10 10 10 10 10 10 10 10 10 10 10 10 10 10 10 10 10 10 10 10 10 10 10 10 10 10 10 10 10 10 10 10 10 10 10 10 10 10 10 10 10 10 10 10 10 10 10 10 10 10 10 10 10 10 10 10 10 10 10 10 10 10 10 10 10 10 10 10 10 10 10 10 10 10 10 10 10 10 10 10 10 10 10 10 10 10 10 10 10 10 10 10 10 10 10 10 10 10 10 10 10 10 10 10 10 10 10 10 10 10 10 10 10 10 10 10 10 10 10 10 10 10 10 10 10 10 10 10 10 10 10 10 10 10 10 10 10 10 10 10 10 10 10 10 10 10 10 10 10 10 10 10 10 10 10 10 10 10 10 10 10 10 10 10 10 10 10 10 10 10 10 10 10 10 10 10 10 10 10 10 10 10 10 10 10 10 10 10 10 10 10 10 10 10 10 10 10 10 10 10 10 10 10 10 10 10 10 10 10 10 10 10 10 10 10 10 10 10 10 10 10 10 10 10 10 10 10 10 10 10 10 10 10 10 10 10 10 10 10 10 10 10 10 10 10 10 10 10 10 10 10 10 10 10 10 10 10 10 10 10 10 10 10 10 10 10 10 10 10 10 10 10 10 10 10 10 10 10 10 10 10 10 10 10 10 10 10 10 10 10 10 10 10 10 10 10 10 10 10 10 10 10 10 10 10 10 10 10 10 10 10 10 10 10 10 10 10 10 10 10 10 10 10 10 10 10 10 10 10 10 10 10 10 10 10 10 10 10 10 10 10 10 10 10 10 10 10 10 10 10 10 10 10 10 10 10 10 10 10 10 10 10 10 10 10 10 10 10 10 10 10 10 10 10 10 10 10 10 10 10 10 10 10 10 10 10 10 10 10 10 10 10 10 10 10 10 10 10 10 10 10 10 10 10 10 10 10 10 10 10 10 10 10 10 10 10 10 10 10 10 10 10 10 10 10 10 10 10 10 10 10 10 10 10 10 10 10 10 10 10 10 10 10 10 10 10 10 10 10 10 10 10 10 10 10 10 10 10 10 10 10 10 10 10 10 10 10 10 10 10 10 10 10 10 10 10 10 10 10 10 10 10 10 10 10 10 10 10 10 10 10 10 10 10 10 10 10 10 10 10 10 10 10 10 10 10 10 10 10 10 10 10 10 10 10 10 10 10 10 10 10 10 10 10 10 10 10 10 10 10 10 10 10 10 10 10 10 10 10 10 10 10 10 10 10 10 10 10 10 10 10 10 10 10 10 10 10 10 10 10 10 10 10 10 10 10 10 10 10 10 10 10 10 10 10 10 10 10 10 10 10 10 10 10 10 10 10 10 10 10 10 10 10 10 10 10 10 10 10 10 10 10 10 10 10 10 10 10 10 10 10 10 10 10 10 10 10 10 10 10 10 10 10 10 10 10 10 10 10 10 10 10 10 10 10 10
Processing 3492.bnet
Processed 3492.bnet attractors count: 3 control kernels: 3 2 1
Processing 3493.bnet
Processed 3493.bnet attractors count: 7 control kernels: 4 4 3 0 0 4 2
Processing 3506.bnet
Model 3506.bnet too big
Processing 3510.bnet
Processed 3510.bnet attractors count: 512 control kernels: 9 9 9 9 9 9 9 9 9 9 9 9 9 9 9 9 9 9 9 9 9 9 9 9 9 9 9 9 9 9 9 9 9 9 9 9 9 9 9 9 9 9 9 9 9 9 9 9 9 9 9 9 9 9 9 9 9 9 9 9 9 9 9 9 9 9 9 9 9 9 9 9 9 9 9 9 9 9 9 9 9 9 9 9 9 9 9 9 9 9 9 9 9 9 9 9 9 9 9 9 9 9 9 9 9 9 9 9 9 9 9 9 9 9 9 9 9 9 9 9 9 9 9 9 9 9 9 9 9 9 9 9 9 9 9 9 9 9 9 9 9 9 9 9 9 9 9 9 9 9 9 9 9 9 9 9 9 9 9 9 9 9 9 9 9 9 9 9 9 9 9 9 9 9 9 9 9 9 9 9 9 9 9 9 9 9 9 9 9 9 9 9 9 9 9 9 9 9 9 9 9 9 9 9 9 9 9 9 9 9 9 9 9 9 9 9 9 9 9 9 9 9 9 9 9 9 9 9 9 9 9 9 9 9 9 9 9 9 9 9 9 9 9 9 9 9 9 9 9 9 9 9 9 9 9 9 9 9 9 9 9 9 9 9 9 9 9 9 9 9 9 9 9 9 9 9 9 9 9 9 9 9 9 9 9 9 9 9 9 9 9 9 9 9 9 9 9 9 9 9 9 9 9 9 9 9 9 9 9 9 9 9 9 9 9 9 9 9 9 9 9 9 9 9 9 9 9 9 9 9 9 9 9 9 9 9 9 9 9 9 9 9 9 9 9 9 9 9 9 9 9 9 9 9 9 9 9 9 9 9 9 9 9 9 9 9 9 9 9 9 9 9 9 9 9 9 9 9 9 9 9 9 9 9 9 9 9 9 9 9 9 9 9 9 9 9 9 9 9 9 9 9 9 9 9 9 9 9 9 9 9 9 9 9 9 9 9 9 9 9 9 9 9 9 9 9 9 9 9 9 9 9 9 9 9 9 9 9 9 9 9 9 9 9 9 9 9 9 9 9 9 9 9 9 9 9 9 9 9 9 9 9 9 9 9 9 9 9 9 9 9 9 9 9 9 9 9 9 9 9 9 9 9 9 9 9 9 9 9 9 9 9 9 9 9 9 9 9 9 9 9 9 9 9 9 9 9 9 9 9 9 9
Processing 3512.bnet
Processed 3512.bnet attractors count: 2 control kernels: 1 1
Processing 4705.bnet
Processed 4705.bnet attractors count: 640 control kernels: 10 10 11 11 9 9 9 9 10 10 10 10 9 9 10 10 10 0 10 10 10 10 11 11 9 9 10 10 10 10 10 10 10 10 11 11 9 9 9 9 10 10 10 10 10 10 10 10 11 11 11 11 9 9 9 9 9 9 10 10 10 10 10 10 10 10 10 10 9 9 9 9 9 9 9 9 10 10 10 10 9 9 9 9 9 9 9 9 10 10 10 10 9 9 9 9 9 9 9 9 9 9 9 9 9 9 9 9 10 10 11 11 10 10 10 10 9 9 9 9 9 9 11 11 11 11 10 10 10 10 10 10 10 10 10 10 10 10 10 10 9 9 9 9 9 9 9 9 10 10 10 10 9 9 9 9 9 9 9 9 9 9 9 9 10 10 10 10 10 10 11 11 9 9 10 10 10 10 10 10 9 9 10 10 10 10 11 11 10 10 10 10 10 10 11 11 9 9 9 9 10 10 10 10 10 10 10 10 11 11 11 11 9 9 9 9 9 9 10 10 10 10 10 10 10 10 10 10 9 9 9 9 9 9 9 9 10 10 10 10 9 9 9 9 9 9 9 9 10 10 10 10 9 9 9 9 9 9 9 9 9 9 9 9 9 9 9 9 10 10 11 11 10 10 10 10 9 9 9 9 9 9 11 11 11 11 10 10 10 10 10 10 10 10 10 10 10 10 10 10 9 9 9 9 9 9 9 9 10 10 10 10 9 9 9 9 9 9 9 9 10 10 11 11 9 9 9 9 10 10 10 10 9 9 10 10 10 10 10 10 10 10 11 11 9 9 10 10 10 10 10 10 10 10 11 11 9 9 9 9 10 10 10 10 10 10 10 10 11 11 11 11 9 9 9 9 9 9 10 10 10 10 10 10 10 10 10 10 9 9 9 9 9 9 9 9 10 10 10 10 9 9 9 9 9 9 9 9 10 10 10 10 9 9 9 9 9 9 9 9 9 9 9 9 9 9 9 9 10 10 11 11 10 10 10 10 9 9 9 9 9 9 11 11 11 11 10 10 10 10 10 10 10 10 10 10 10 10 10 10 9 9 9 9 9 9 9 9 10 10 10 10 9 9 9 9 9 9 9 9 9 9 9 9 10 10 10 10 10 10 11 11 9 9 10 10 10 10 10 10 9 9 10 10 10 10 11 11 10 10 10 10 10 10 11 11 9 9 9 9 10 10 10 10 10 10 10 10 11 11 11 11 9 9 9 9 9 9 10 10 10 10 10 10 10 10 10 10 9 9 9 9 9 9 9 9 10 10 10 10 9 9 9 9 9 9 9 9 10 10 10 10 9 9 9 9 9 9 9 9 9 9 9 9 9 9 9 9 10 10 11 11 10 10 10 10 9 9 9 9 9 9 11 11 11 11 10 10 10 10 10 10 10 10 10 10 10 10 10 10 9 9 9 9 9 9 9 9 10 10 10 10 9 9 9 9 9 9 9 9
Processing 4706.bnet
Processed 4706.bnet attractors count: 6 control kernels: 3 3 4 3 2 2
Processing 4775.bnet
Processed 4775.bnet attractors count: 3 control kernels: 0 0 0
Processing 4779.bnet
Processed 4779.bnet attractors count: 3 control kernels: 4 2 1
Processing 4790.bnet
Processed 4790.bnet attractors count: 1 control kernels: 0
Processing 4837.bnet
Processed 4837.bnet attractors count: control kernels:
Processing 4942.bnet
Processed 4942.bnet attractors count: 4 control kernels: 2 2 2 2
Processing 5025.bnet
Processed 5025.bnet attractors count: 294 control kernels: 10 10 10 10 10 12 9 8 9 9 8 8 8 7 8 8 8 8 8 8 8 8 8 8 8 8 8 8 8 7 8 8 9 8 8 8 8 8 8 8 8 8 8 8 7 7 7 7 7 7 7 7 10 10 10 10 10 10 10 10 9 9 9 9 9 9 9 9 9 9 8 8 9 9 8 8 9 9 8 8 9 9 8 8 8 8 7 7 8 8 7 7 8 8 7 7 8 8 7 7 9 9 9 9 11 11 11 11 11 11 11 11 11 11 11 11 11 11 9 9 11 11 11 11 11 11 9 9 9 9 8 8 9 9 8 8 9 9 8 8 9 9 8 8 7 7 7 7 7 7 7 7 10 10 10 10 9 9 9 9 10 10 10 10 9 9 9 9 9 9 9 9 8 8 8 8 9 9 9 9 8 8 8 8 8 8 7 7 8 8 7 7 8 8 7 7 8 8 7 7 7 7 6 6 7 7 6 6 7 7 6 6 7 7 6 6 9 9 9 9 10 10 10 10 9 9 9 9 10 10 10 10 9 8 9 10 8 9 9 9 8 8 9 9 8 8 9 9 8 8 9 9 8 8 8 8 8 8 8 8 8 8 9 9 8 8 9 9 8 8 9 9 8 8 9 9 8 8 8 8 7 7 8 8 7 7 8 8 7 7 8 8 7 7
Processing 5128.bnet
Processed 5128.bnet attractors count: 9 control kernels: 3 3 3 3 3 4 4 3 3
Processing 5731.bnet
Processed 5731.bnet attractors count: 40 control kernels: 8 8 5 5 8 8 5 5 8 8 5 5 8 8 5 5 5 5 5 5 8 8 5 5 8 8 5 5 8 8 5 5 8 8 5 5 5 5 5 5
Processing 5884.bnet
Processed 5884.bnet attractors count: 9 control kernels: 3 5 4 0 0 3 3 2 3
Processing 6885.bnet
Processed 6885.bnet attractors count: 17 control kernels: 4 4 4 4 4 4 4 5 4 4 4 4 4 4 5 4 4
Processing 7926.bnet
Processed 7926.bnet attractors count: 4 control kernels: 2 2 2 2
Processing 8048.bnet
Model 8048.bnet too big
Processing 8186.bnet
Processed 8186.bnet attractors count: 21 control kernels: 0 0 0 0 0 0 0 0 0 0 4 4 0 0 4 4 0 0 0 0 0
Processing 8227.bnet
Processed 8227.bnet attractors count: 3 control kernels: 1 3 3
